          rho     Ti (keV)  nc(e19 m**3)  Vpol (km/s)  Vtor (km/s)    Er (kV/m)    Er_RBpol (krad/s)
   0.0    3.27076    0.175985          0.0      115.6         0.0     63.2844  
  0.02     3.2661    0.175952   0.00212858    115.452     2.94213     62.6821  
  0.04    3.25252     0.17586    0.0157423    113.631     5.76747     61.4468  
  0.06    3.23059    0.175714    0.0487643    110.864     8.40307     59.8091  
  0.08    3.20091     0.17552      0.10524    107.903     10.8512     58.1571  
   0.1    3.16406    0.175285     0.185509    105.265     13.1613      56.742  
  0.12    3.12063    0.175015     0.286365    102.969     15.3493     55.5344  
  0.14     3.0712    0.174716     0.402687    100.977     17.4181      54.482  
  0.16    3.01636    0.174396     0.530808    99.2476     19.3684     53.5577  
  0.18    2.95669     0.17406     0.667366    97.7377     21.2017     52.7352  
   0.2    2.89279    0.173714      0.80886    96.4036     22.9132      51.988  
  0.22    2.82522    0.173366     0.951817    95.1999     24.4961     51.2896  
  0.24    2.75459    0.173021      1.09283    94.0801     25.9429     50.6166  
  0.26    2.68148    0.172685       1.2286    92.9958     27.2405       49.94  
  0.28    2.60646    0.172366      1.35594    91.8974     28.3755     49.2364  
   0.3    2.53014    0.172069      1.47192    90.7339     29.3325     48.4786  
  0.32    2.45309      0.1718       1.5738    89.4547     30.0951     47.6423  
  0.34     2.3759    0.171567      1.65913    88.0407     30.6585       46.72  
  0.36    2.29915    0.171376      1.72571    86.4974     31.0262     45.7154  
  0.38    2.22343    0.171232      1.77163    84.8317      31.205      44.634  
   0.4    2.14933    0.171142      1.79526    83.0506     31.2034     43.4803  
  0.42    2.07744    0.171113       1.7952    81.1613     31.0312     42.2595  
  0.44    2.00833    0.171151      1.77035    79.1713     30.7003     40.9765  
  0.46     1.9426    0.171262      1.71979    77.0886     30.2225     39.6363  
  0.48    1.88082    0.171453       1.6428    74.9214     29.6106     38.2438  
   0.5    1.82359     0.17173      1.53879    72.6781     28.8771     36.8042  
  0.52    1.77149    0.172099      1.40733    70.3675     28.0353     35.3226  
  0.54    1.72508    0.172567      1.24808    67.9985     27.0944     33.7992  
  0.56     1.6841     0.17314      1.06077    65.5805     26.0487     32.2176  
  0.58    1.64744    0.173825      0.84558    63.1231     24.9052     30.5764  
   0.6    1.61393    0.174627      0.60403    60.6361     23.6752     28.8822  
  0.62    1.58239    0.175553     0.337907    58.1294     22.3703     27.1414  
  0.64    1.55167    0.176593     0.048955    55.6135     20.9909      25.348  
  0.66     1.5206    0.177615    -0.261138    53.0987     19.5305     23.4882  
  0.68      1.488    0.178433    -0.590782    50.5958     17.9965     21.5657  
   0.7    1.45272    0.178862    -0.938461    48.1156     16.3959     19.5852  
  0.72    1.41359    0.178716     -1.30268    45.6692      14.734      17.551  
  0.74    1.36944    0.177809     -1.68196    43.2676     13.0178      15.469  
  0.76    1.31964    0.175955     -2.07496    40.9223     11.2716     13.3652  
  0.78    1.26451     0.17297     -2.48073    38.6446     9.51174     11.2552  
   0.8     1.2045    0.168667     -2.89856     36.446     7.74236      9.1419  
  0.82    1.14005    0.162861     -3.32734    34.3379     5.96401     7.02678  
  0.84    1.07162    0.155365     -3.76467    32.3321     4.17212     4.90655  
  0.86    0.99963    0.145995     -4.20755    30.4402     2.36096     2.77339  
  0.88   0.924539    0.134564     -4.65348    25.2011   -0.787084   -0.924379  
   0.9   0.846787    0.120888     -5.10361     8.2083    -8.44111    -9.91129  
  0.92   0.766817    0.104779     -5.56247   -9.27957    -16.4532     -19.299  
  0.94   0.685073   0.0860533     -6.03487   -14.4008    -20.2261    -23.6619  
  0.96   0.601997    0.064525     -6.52271   -6.90581     -20.132      -23.45  
  0.98   0.518035   0.0403867     -7.01981    9.07727    -19.1252    -22.1695  
   1.0    0.43363   0.0148569     -7.51381    29.3609    -28.7821    -33.2426  
