 24-Aug-16 12/10/2013
     0               1
  0.000000000E+00
*   0.000             1               0 SNB   3   2 CLC    39   40
  0.000000000E+00 0.670000000E+03 0.600000000E+01 0.707062828E+07
  0.707062828E+07 0.669589572E+03 0.133325783E+02 0.180814771E+03
  0.204806601E+01 0.417704105E+00 0.604330585E+00 0.803621300E+09
  0.684333372E+03 0.344519765E+02 0.981516566E+01 0.973361755E+00
  0.140480850E+01 0.711573957E+00 0.100000000E+11 0.570294305E+01
  0.570294305E+01 0.228361691E+02 0.764077759E+01-0.972359193E+00
  0.100000000E+05 0.100000000E+05 0.100000000E+05
  0.000000000E+00 0.000000000E+00 0.000000000E+00
  0.358999777E+03 0.360503257E+03
  0.000000000E+00 0.000000000E+00
  0.566213839E+00 0.499742112E+00 0.217883247E+01 0.250508632E+01
  0.725589971E+00 0.901308498E+01-0.500000000E+02-0.500000000E+02
 -0.500000000E+02-0.344184875E+01 0.195701247E+06 0.168271995E+09
  0.892387810E-09 0.202816418E+01 0.683507587E+01-0.126436158E+00
  0.151842744E+01 0.663887637E+03 0.000000000E+00 0.000000000E+00
  0.560317676E+03-0.356988009E+03-0.999000000E+03-0.999000000E+03
  0.135647783E+03-0.500000000E+02 0.572150114E+01 0.574138868E+01
  0.100000000E+03 0.100000000E+03 0.490714457E+02 0.570294305E+01
  0.700179038E+03 0.377465784E+02 0.140475747E+01 0.000000000E+00
  0.110084312E+01 0.762750650E+00 0.131862150E+09 0.000000000E+00
  0.000000000E+00 0.000000000E+00 0.565537875E+00 0.100000000E+02
    44   60   16    1
 -0.292434389E+01 0.922129794E-06 0.922129794E-06 0.922129794E-06
  0.922129794E-06 0.922129794E-06 0.922129794E-06 0.922129794E-06
  0.922129794E-06 0.922129794E-06 0.922129794E-06 0.922129794E-06
  0.922129794E-06 0.922129794E-06 0.922129794E-06 0.922129794E-06
  0.922129794E-06 0.922129794E-06 0.922129794E-06 0.922129794E-06
  0.922129794E-06 0.922129794E-06 0.922129794E-06 0.922129794E-06
  0.922129794E-06 0.922129794E-06 0.922129794E-06 0.922129794E-06
  0.922129794E-06 0.922129794E-06 0.922129794E-06 0.922129794E-06
  0.922129794E-06 0.922129794E-06 0.922129794E-06 0.922129794E-06
  0.922129794E-06 0.922129794E-06 0.922129794E-06 0.922129794E-06
  0.922129794E-06 0.922129794E-06 0.922129794E-06 0.922129794E-06
              NaN             NaN             NaN             NaN
              NaN             NaN             NaN             NaN
              NaN             NaN             NaN             NaN
              NaN             NaN             NaN             NaN
              NaN             NaN             NaN             NaN
              NaN             NaN             NaN             NaN
              NaN             NaN             NaN             NaN
              NaN             NaN             NaN             NaN
              NaN             NaN             NaN             NaN
              NaN             NaN             NaN             NaN
              NaN             NaN             NaN             NaN
              NaN             NaN             NaN             NaN
              NaN             NaN             NaN             NaN
              NaN             NaN             NaN             NaN
              NaN             NaN             NaN             NaN
 -0.211167118E+08 0.510343620E+07-0.359247249E+08 0.608979451E+08
  0.202028490E+08-0.854764563E+07-0.213450156E+08-0.916280687E+06
 -0.128672590E+08 0.141631247E+06-0.435921945E+07 0.415337430E+08
  0.327270186E+08-0.928147863E+07 0.851448187E+07-0.547627693E+08
  0.000000000E+00
  0.000000000E+00 0.475937496E+03-0.389233932E+03 0.611725000E+03
 -0.492371576E+03 0.000000000E+00 0.000000000E+00 0.000000000E+00
  0.000000000E+00 0.000000000E+00 0.100000000E+03 0.000000000E+00
  0.117879203E+01 0.167698539E+01-0.400000006E+02-0.545262691E+00
 -0.987599663E-02 0.000000000E+00 0.999000000E+03 0.664385134E+00
  0.212388198E+02 0.260267996E+01 0.000000000E+00-0.463595203E+01
  0.488790659E+01 0.136248310E+01 0.659136701E+00 0.407430519E+00
  0.545219735E+00 0.141033731E+01 0.490229343E+01 0.848545814E+01
  0.722358993E+03 0.275151360E+01-0.890000000E+02 0.597039499E+02
 -0.890000000E+02-0.890000000E+02-0.890000000E+02-0.890000000E+02
  0.188402321E+01-0.890000000E+02-0.890000000E+02 0.475937496E+03
 -0.389233932E+03-0.890000000E+02-0.890000000E+02 0.611725000E+03
 -0.492371576E+03 0.000000000E+00-0.990000000E+02-0.990000000E+02
 -0.990000000E+02-0.990000000E+02 0.000000000E+00 0.540317359E+00
                                            MAG
